435
523
551
1428
1642
1924
2678
3377
3499
3927
3962
4001
4394
6149
6539
6813
6838
7213
7929
8241
8298
8654
8950
9259
9650
9927
10336
11022
11066
12121
13796
14194
14431
14456
14538
14635
15284
15307
15988
16397
16921
16984
17370
17416
17872
17892
17912
18361
18408
18705
18916
19173
19200
19561
19977
21403
21577
21770
22029
22264
22333
22756
23460
23582
23749
24421
24587
26507
27131
27538
27814
29479
29818
30506
30832
30873
31334
31939
32262
32400
32407
32662
32675
33487
33490
33664
34061
34825
35176
35477
35612
35983
36383
36735
37503
37767
37945
39459
39646
39670
